1	Отсутствует	14	4
1	Отсутствует	14	4
1	Отсутствует	4	1
2	Незначительная; Умеренная	6	2
3	Выраженная; Значительно выраженная	4	1
1	Умеренное	14	4
2	Выраженное	8	0
1	[10 .. 15)	5	1
2	[15 .. 21)	9	3
1	[48 .. 53)	2	1
2	[53 .. 58)	12	3
3	[58 .. 63)	4	0
1	(27 .. 29]	2	1
2	(29 .. 31]	12	3
3	(31 .. 33)	6	0
1	Отсутствует	9	2
2	Умеренная	5	2
1	Отсутствует; Незначительно повышен	6	2
2	Повышен	4	1
3	Значительно повышен; Критически повышен	4	1
1	Отсутствует	14	4
1	Отсутствует	14	4
2	Присутствует	9	0
1	Отсутствует	14	4
2	Присутствует	6	0
1	Отсутствует; Незначительная	4	2
2	Умеренная	6	1
3	Выраженная; Значительно выраженная	4	1
1	Отсутствует	14	4
1	[10 .. 15)	6	1
2	[15 .. 21)	5	1
3	[21 .. 25)	3	2
4	[25 .. 30)	2	0
1	[33 .. 47]	2	1
2	[29 .. 33)	7	2
3	[25 .. 29)	5	1
1	[25 .. 27]	14	4
2	(27 .. 29]	6	0
1	Отсутствует	5	1
2	Умеренная	4	1
3	Выраженная	5	2
1	Отсутствует; Незначительно понижен	4	1
2	Понижен	4	1
3	Значительно понижен; Критически понижен	6	2
1	Отсутствует	14	0
2	Редкое	14	0
3	Частое	14	0
1	Отсутствует	14	4
1	Отсутствует	14	4
1	Отсутствует; Незначительная	3	1
2	Умеренная; Выраженная	8	2
3	Значительно выраженная	3	1
1	Отсутствует	14	4
2	Умеренное	6	0
1	Отсутствует	14	4
1	[29 .. 33)	7	1
2	[25 .. 29)	4	2
3	(21 .. 25)	3	1
1	(27 .. 29]	2	1
2	(29 .. 31]	9	2
3	(31 .. 33)	3	1
1	Отсутствует	14	4
1	Отсутствует	14	4
1	Отсутствует	14	4
